899397899.006001 899397924.006001
899397132.855999 899397157.855999
899396105.530998 899396130.530998
899394059.905998 899394084.905998
899393798.955999 899393823.955999
899392666.580999 899392691.580999
899389402.556000 899389427.556000
899387895.956001 899387920.956001
899385075.081001 899385100.081001
899384926.205999 899384951.205999
899384149.131001 899384174.131001
899381780.056000 899381805.056000
899380322.355999 899380347.355999
899378141.506001 899378166.506001
899377296.205999 899377321.205999
899376007.855999 899376032.855999
899373706.231001 899373731.231001
899367227.256001 899367252.256001
899365466.681000 899365491.681000
899362178.806000 899362203.806000
899350110.381000 899350135.381000
899346038.381001 899346063.381001
899344971.056000 899344996.056000
899329459.881000 899329484.881000
899328445.356000 899328470.356000
899324498.406000 899324523.406000
899322457.906000 899322482.906000
899298641.580999 899298666.580999
899286064.155998 899286089.155998
899277543.155998 899277568.155998
