899397899.006001 899397939.006001
899397132.855999 899397172.855999
899396105.530998 899396145.530998
899394059.905998 899394099.905998
899393798.955999 899393838.955999
899392666.580999 899392706.580999
899389402.556000 899389442.556000
899387895.956001 899387935.956001
899385075.081001 899385115.081001
899384926.205999 899384966.205999
899384149.131001 899384189.131001
899381780.056000 899381820.056000
899380322.355999 899380362.355999
899378141.506001 899378181.506001
899377296.205999 899377336.205999
899376007.855999 899376047.855999
899373706.231001 899373746.231001
899367227.256001 899367267.256001
899365466.681000 899365506.681000
899362178.806000 899362218.806000
899350110.381000 899350150.381000
899346038.381001 899346078.381001
899344971.056000 899345011.056000
899329459.881000 899329499.881000
899328445.356000 899328485.356000
899324498.406000 899324538.406000
899322457.906000 899322497.906000
899298641.580999 899298681.580999
899286064.155998 899286104.155998
899277543.155998 899277583.155998
