899262262.330999 899262462.330999
899262356.530998 899262516.530998
899269948.181000 899270148.181000
899271037.881001 899271197.881001
899272114.581001 899272214.581001
899273255.355999 899273455.355999
899274052.556000 899274252.556000
899276167.781000 899276367.781000
899282493.905998 899282693.905998
899334152.956001 899334212.956001
899337230.605999 899337290.605999
899339287.131000 899339347.131000
899339974.230999 899340034.230999
899341314.181000 899341374.181000
899342024.506001 899342084.506001
899344500.631000 899344560.631000
899348694.480999 899348754.480999
899349793.356000 899349853.356000
899350946.806000 899351006.806000
899352982.931000 899353042.931000
899354853.306000 899354913.306000
899359460.756001 899359520.756001
899359916.030998 899359976.030998
899361216.780998 899361276.780998
899365074.206001 899365134.206001
899365352.506001 899365412.506001
899366101.081000 899366161.081000
899366811.806000 899366871.806000
899367371.581000 899367431.581000
899368494.631001 899368554.631001
