899286172.006001 899286372.006001
899290800.731000 899291000.731000
899291360.256001 899291480.256001
899292101.256001 899292291.256001
899292434.831000 899292634.831000
899301141.806000 899301201.806000
899302918.780998 899302978.780998
899305046.281000 899305106.281000
899316655.556000 899316855.556000
899317512.856000 899317612.856000
899317840.431000 899317970.431000
899318623.006001 899318823.006001
899320849.206001 899321049.206001
899325004.381000 899325064.381000
899326365.881001 899326425.881001
899327118.705999 899327178.705999
899330667.381001 899330827.381001
899331811.955999 899331921.955999
899371378.730999 899371438.730999
899372109.531000 899372169.531000
899372564.230999 899372624.230999
899373122.781000 899373182.781000
899374081.131000 899374141.131000
899375171.856000 899375231.856000
899376184.956000 899376244.956000
899376432.106000 899376492.106000
899381122.006001 899381322.006001
899382807.556000 899382917.556000
899383302.631001 899383412.631001
899390450.456001 899390650.456001
