899676403.900000 899676428.900000
899669724.675000 899669749.675000
899666645.924999 899666670.924999
899661956.174999 899661981.174999
899661222.049999 899661247.049999
899651437.275000 899651462.275000
899648779.350000 899648804.350000
899645366.075000 899645391.075000
899642897.600000 899642922.600000
899637300.025002 899637325.025002
899633088.099998 899633113.099998
899629224.650000 899629249.650000
899620447.974998 899620472.974998
899607345.875000 899607370.875000
899590213.349998 899590238.349998
899582013.049999 899582038.049999
899575332.474998 899575357.474998
899572255.625000 899572280.625000
899568418.775002 899568443.775002
899557409.550000 899557434.550000
899554106.475000 899554131.475000
899547047.549999 899547072.549999
899540990.849998 899541015.849998
899527027.549999 899527052.549999
899521484.424999 899521509.424999
899517058.400002 899517083.400002
899503888.275000 899503913.275000
899478135.500000 899478160.500000
899452999.600000 899453024.600000
899431144.650002 899431169.650002
