899676403.900000 899676448.900000
899669724.675000 899669769.675000
899666645.924999 899666690.924999
899661956.174999 899662001.174999
899661222.049999 899661267.049999
899651437.275000 899651482.275000
899648779.350000 899648824.350000
899645366.075000 899645411.075000
899642897.600000 899642942.600000
899637300.025002 899637345.025002
899633088.099998 899633133.099998
899629224.650000 899629269.650000
899620447.974998 899620492.974998
899607345.875000 899607390.875000
899590213.349998 899590258.349998
899582013.049999 899582058.049999
899575332.474998 899575377.474998
899572255.625000 899572300.625000
899568418.775002 899568463.775002
899557409.550000 899557454.550000
899554106.475000 899554151.475000
899547047.549999 899547092.549999
899540990.849998 899541035.849998
899527027.549999 899527072.549999
899521484.424999 899521529.424999
899517058.400002 899517103.400002
899503888.275000 899503933.275000
899478135.500000 899478180.500000
899452999.600000 899453044.600000
899431144.650002 899431189.650002
